2.113723656218127633e+00 8.796825731865017817e-01 0.000000000000000000e+00
2.685493618038526265e+00 2.927570656030842766e+00 0.000000000000000000e+00
-9.272806164834256348e-01 7.039470973923579455e-01 1.000000000000000000e+00
-3.929429898506526797e-01 7.160675212441369730e-02 1.000000000000000000e+00
-2.298033968599286325e+00 -6.073241491110581425e-01 0.000000000000000000e+00
-3.259194028606135163e+00 1.447464291781921375e+00 0.000000000000000000e+00
-8.021820661472570890e+00 -8.797401869456233925e-02 0.000000000000000000e+00
-2.899490857337195138e+00 3.528270859730630704e+00 0.000000000000000000e+00
-6.433014276401364029e+00 3.256312734663861619e+00 0.000000000000000000e+00
1.440289473143096188e+00 7.416890174413302006e-01 1.000000000000000000e+00
-5.198938261081933021e+00 4.274588528888737748e+00 0.000000000000000000e+00
1.745488212664026539e+00 5.388943463376248744e+00 0.000000000000000000e+00
2.209375069238669553e+00 7.776116659758550043e+00 0.000000000000000000e+00
8.646099728253071603e+00 -5.694172491348425957e-01 0.000000000000000000e+00
-6.583031738456092130e-01 -4.090986258139557852e-01 1.000000000000000000e+00
-2.312256002416623435e+00 4.060184078986275757e+00 0.000000000000000000e+00
-3.260591243717070320e-01 2.836458430600720670e-01 1.000000000000000000e+00
5.457699397795705565e-01 4.137108781920406653e-02 1.000000000000000000e+00
-1.501099424160914353e+00 -8.569848343704041582e+00 0.000000000000000000e+00
3.260739911484039411e+00 -3.705665685160641321e+00 0.000000000000000000e+00
1.188771373608967563e+00 3.086658734306154450e+00 0.000000000000000000e+00
-7.278352390360742774e-01 7.891595412173597168e+00 0.000000000000000000e+00
2.143441905228128164e+00 1.056182989311674536e+00 0.000000000000000000e+00
-1.086773269647688522e+01 2.458202451152403434e+00 0.000000000000000000e+00
4.433777575207564769e-01 2.866199745733410520e+00 0.000000000000000000e+00
-4.960037234379070625e+00 -1.522382277772792891e+00 0.000000000000000000e+00
1.214940683773280128e-01 1.565963287534839665e+01 0.000000000000000000e+00
7.007426679272970027e-01 -4.156940978614645843e+00 0.000000000000000000e+00
-1.205028591500965085e-01 -6.484863820492986486e-01 1.000000000000000000e+00
-8.151468102359149537e-01 -3.138191982951264780e+00 0.000000000000000000e+00
7.150605266289968842e-01 4.834999380150883930e-02 1.000000000000000000e+00
3.367702395662294457e+00 -2.540752442606153849e+00 0.000000000000000000e+00
-1.333385905844792108e+00 -2.195683420321376644e+00 0.000000000000000000e+00
2.558738669898128038e+00 1.549938974841479400e+01 0.000000000000000000e+00
-7.006033322709326328e+00 9.389003348373753610e+00 0.000000000000000000e+00
-5.208235552314405936e+00 2.616589375698739950e+00 0.000000000000000000e+00
-4.210462920651824037e-01 4.216441597649207007e-01 1.000000000000000000e+00
-1.118746401721511319e+01 1.429529848595268504e+01 0.000000000000000000e+00
5.120114399781191539e-01 -2.096627886814818709e+00 0.000000000000000000e+00
1.343088580094506312e+01 4.166568685105872305e+00 0.000000000000000000e+00
-5.804534781079486727e+00 2.662588506289751855e+00 0.000000000000000000e+00
1.523552556682097547e+00 4.565012678196058715e+00 0.000000000000000000e+00
2.810724518311499054e+00 9.174256836943328608e+00 0.000000000000000000e+00
3.636669781325586825e+00 -4.277478522967350649e-01 0.000000000000000000e+00
-4.574092057782191745e+00 -3.179752761438594977e+00 0.000000000000000000e+00
-8.391643541308905441e+00 -1.149127889321198470e+00 0.000000000000000000e+00
4.829051196333401741e+00 -6.932248458693051063e+00 0.000000000000000000e+00
-1.057209732490697718e+01 5.625517982134740080e-01 0.000000000000000000e+00
-1.529443048950240858e-01 2.433220817918538614e+00 0.000000000000000000e+00
3.560803361027117919e+00 -4.237394224301469059e+00 0.000000000000000000e+00
-4.005918197861910279e+00 -5.664133699059446414e+00 0.000000000000000000e+00
1.260930635340434236e+01 2.772508140831542178e+00 0.000000000000000000e+00
-5.823098107503865251e+00 -4.431435053518679723e+00 0.000000000000000000e+00
2.988380427688154928e+00 6.408431388264361761e-01 0.000000000000000000e+00
-1.027788685457534101e-01 -9.435196020088620905e-01 1.000000000000000000e+00
5.176880378902436464e-01 9.951222394004808347e-01 1.000000000000000000e+00
-8.502810512096495188e+00 -3.711762909676101785e+00 0.000000000000000000e+00
-2.014703650491987297e+00 -6.404379679456461139e-01 0.000000000000000000e+00
-4.532282323533419977e+00 1.460876258414400164e+00 0.000000000000000000e+00
7.693694151237608025e+00 -8.734923223030321537e+00 0.000000000000000000e+00
-5.113429726820453602e+00 -2.426524997614192269e+00 0.000000000000000000e+00
-1.485397326254188854e+00 4.129591384623509942e-02 1.000000000000000000e+00
7.276598146832948810e-01 8.519082688862888997e-01 1.000000000000000000e+00
-5.292045830605534018e-01 1.209450902644064740e+00 1.000000000000000000e+00
6.379069012744136735e+00 -5.300660453336138112e+00 0.000000000000000000e+00
4.467101066487735306e-01 2.101422394480167988e+00 0.000000000000000000e+00
1.433645931903804849e+00 3.424441406750460271e+00 0.000000000000000000e+00
1.436438030227918938e+00 -4.941064533685001203e-01 1.000000000000000000e+00
9.150185847880257795e-01 -2.883412740884057079e+00 0.000000000000000000e+00
-9.560935778793036022e+00 -4.069317709039553144e+00 0.000000000000000000e+00
3.063589792782785093e+00 -2.649726105297703693e+00 0.000000000000000000e+00
-2.706182625270238784e+00 -3.419966699021862233e+00 0.000000000000000000e+00
-3.864957373166149956e+00 7.469738490199655523e-01 0.000000000000000000e+00
1.008059334269770790e+00 8.741775537588519995e+00 0.000000000000000000e+00
5.809111836164603027e+00 -1.507357785681292750e+00 0.000000000000000000e+00
-7.699846292898886446e-01 -1.247786653606410390e+00 1.000000000000000000e+00
2.537687889452646228e+00 2.106038961223344774e+00 0.000000000000000000e+00
5.898114528242024868e+00 -1.045751108303055688e+01 0.000000000000000000e+00
-1.496986152302804740e+01 -9.889105638555433231e+00 0.000000000000000000e+00
-2.072616622024079813e+00 1.089883587386536234e+00 0.000000000000000000e+00
-7.707393792308991909e-02 9.695337246423421096e-01 1.000000000000000000e+00
1.952420317357533852e+00 -1.467221938897285582e+00 0.000000000000000000e+00
6.412263709303429593e+00 1.036819492697103584e+01 0.000000000000000000e+00
-6.370751381359928800e+00 -3.256669682357931528e+00 0.000000000000000000e+00
5.557460038184479423e+00 -4.911827424820821797e+00 0.000000000000000000e+00
6.634975917059386941e-01 -1.117698279960169572e+00 1.000000000000000000e+00
-6.842597898538704815e-01 -5.068944406973154848e-01 1.000000000000000000e+00
6.656780475870766045e-01 2.113338494417642988e+00 0.000000000000000000e+00
9.710563983052772352e-01 -8.638161215422539563e-01 1.000000000000000000e+00
-4.852253927380285603e+00 -7.612389765559855803e+00 0.000000000000000000e+00
-5.187299814699739997e+00 -1.180767709348864658e+00 0.000000000000000000e+00
-1.119956250827266464e-01 -1.277232397524621366e+00 1.000000000000000000e+00
6.711044314015646606e+00 -4.758930833491646695e+00 0.000000000000000000e+00
-1.285716188928653358e-01 8.069305351816922212e-01 1.000000000000000000e+00
1.765281738219568908e+00 -1.260586522445004221e+01 0.000000000000000000e+00
-1.311347136825401272e+00 -1.330585992299556608e+01 0.000000000000000000e+00
-1.239574086774843931e+00 5.396652333297937698e-01 1.000000000000000000e+00
6.690074985335270341e+00 4.095941351543612718e-01 0.000000000000000000e+00
-2.946781041301709259e-01 7.085249832832730688e-01 1.000000000000000000e+00
1.301215654386786014e+01 2.125800657870593469e-01 0.000000000000000000e+00
-7.374033476290845490e-01 2.649777327289477569e-01 1.000000000000000000e+00
6.737931815635727517e+00 -8.088753001284608501e+00 0.000000000000000000e+00
3.459291261793493444e-01 3.631086890460079042e-01 1.000000000000000000e+00
6.955407530415071093e+00 3.226199899282956363e+00 0.000000000000000000e+00
-4.757607050706259000e-01 1.281382457347013393e+00 1.000000000000000000e+00
-1.020735531099600468e+00 -1.476518227593396571e+00 1.000000000000000000e+00
-3.207928413238564369e-01 8.583509757865664946e-02 1.000000000000000000e+00
-4.730674262103731209e-01 -1.175001345644164275e+01 0.000000000000000000e+00
-1.191480675613707074e+00 -5.420231158986942299e-01 0.000000000000000000e+00
-5.990858626352068006e-01 1.838564119292664389e-01 1.000000000000000000e+00
-5.616939563026802640e-01 1.154299824482736270e+00 1.000000000000000000e+00
1.451299787659337870e+00 1.249995437769234385e+00 1.000000000000000000e+00
-1.820265433631411689e-01 -6.980436593550206625e-01 1.000000000000000000e+00
1.553807227195501017e+00 -9.689973334439621055e+00 0.000000000000000000e+00
-1.635284485328865056e+00 -4.413136104694459050e+00 0.000000000000000000e+00
4.098575100834691010e-01 -4.113964645247156771e-01 1.000000000000000000e+00
-1.570388609650629652e+00 2.586886098587389160e+00 0.000000000000000000e+00
9.536304843134767451e-01 -1.489010109495081391e+00 1.000000000000000000e+00
6.088770891713302547e+00 -1.889988182945057105e+00 0.000000000000000000e+00
1.304570751977017196e+01 -2.809482246238970582e+00 0.000000000000000000e+00
-3.612993781027649121e-01 8.773357174545229897e-01 1.000000000000000000e+00
8.999390153410127269e-01 -2.453204918876777274e+00 0.000000000000000000e+00
-1.981958680768885483e-01 1.231688746193675632e+00 1.000000000000000000e+00
8.518034211692000923e+00 3.346432237796661546e+00 0.000000000000000000e+00
-2.662133329789625247e+00 -1.824820384451595334e+00 0.000000000000000000e+00
-3.559380139403683252e+00 -9.858145640980580993e+00 0.000000000000000000e+00
-7.434654676330931800e-01 -1.996974832493976670e+00 0.000000000000000000e+00
-2.066273507949702992e-01 -1.667557448933038700e+00 1.000000000000000000e+00
-6.588247554750363832e+00 4.891460383796575329e-01 0.000000000000000000e+00
-5.314574818408871471e-01 1.350750356722417056e+00 1.000000000000000000e+00
6.419823030442606715e+00 8.675731258239975929e-01 0.000000000000000000e+00
-3.644981525108788034e-01 3.481535438089084167e+00 0.000000000000000000e+00
5.085285792763452051e+00 1.358593538208940021e+00 0.000000000000000000e+00
3.740406282006381922e+00 1.100233407369998639e+00 0.000000000000000000e+00
-1.482888074335206641e+00 1.399400305728535798e+00 0.000000000000000000e+00
-4.009865559641333732e+00 -7.728668363408957021e+00 0.000000000000000000e+00
-1.122840295869218741e+00 2.353591549279199224e+00 0.000000000000000000e+00
1.320056107695820324e-01 -6.042081695620769022e-01 1.000000000000000000e+00
7.107695507950206881e-03 1.491274526603034944e+00 1.000000000000000000e+00
-2.492169434056167088e+00 1.484063654102458996e+00 0.000000000000000000e+00
1.549477586368094428e+01 6.575330697819559589e+00 0.000000000000000000e+00
-7.644248311725324818e+00 -2.359863718495851526e+00 0.000000000000000000e+00
-9.932467210660406165e-01 -2.580600308889799521e+00 0.000000000000000000e+00
-4.075976413830183276e+00 -2.328135815770902894e+00 0.000000000000000000e+00
-1.538881644523289793e+00 4.134421124335843079e-01 1.000000000000000000e+00
-9.017022374523364636e-01 6.592620677842576660e-01 1.000000000000000000e+00
-6.596738698098573161e-01 -1.152299568387035844e+00 1.000000000000000000e+00
1.865217782700011595e+00 1.953210533010277361e+00 0.000000000000000000e+00
3.725022692542322988e-01 -4.012439883381695438e-01 1.000000000000000000e+00
6.432140527408171105e-01 -1.151378760267913304e+00 1.000000000000000000e+00
-2.409661066753694403e+00 1.144427507636676822e+01 0.000000000000000000e+00
-1.096854789206125336e+00 3.379631356098209971e-01 1.000000000000000000e+00
-2.424307556396287922e-02 1.849738427579019184e+00 1.000000000000000000e+00
2.373707924091672972e+00 -6.096399215581312925e-01 0.000000000000000000e+00
2.510481354697271961e+00 1.958578727181784274e+00 0.000000000000000000e+00
1.434886002740665578e+00 8.462030091146603539e+00 0.000000000000000000e+00
-2.960834564014233727e+00 3.409776892804940118e+00 0.000000000000000000e+00
7.729536197287588450e+00 1.377944587977060209e-01 0.000000000000000000e+00
-1.466685609422603065e+00 -6.735196630845070587e-01 1.000000000000000000e+00
3.003210638652775266e+00 -1.805772498116764435e+00 0.000000000000000000e+00
-7.917258868312931908e-02 1.131373452490615827e+00 1.000000000000000000e+00
1.147352696055525456e+01 -3.899836228489420797e+00 0.000000000000000000e+00
2.628676829431672246e+00 2.828992633613522933e+00 0.000000000000000000e+00
-8.696889518419618881e+00 -4.699672137910706482e+00 0.000000000000000000e+00
1.485946918391736427e+00 1.046531502113390522e+00 1.000000000000000000e+00
7.191953608400026177e+00 -1.652728856275980540e+00 0.000000000000000000e+00
-9.746771273604352359e+00 8.576188974896737705e+00 0.000000000000000000e+00
-8.101333569864879180e+00 -3.044625434583111634e+00 0.000000000000000000e+00
1.821866607854611431e+01 1.998086834019509261e+00 0.000000000000000000e+00
-4.682059269665626022e-01 4.381986418533451166e-01 1.000000000000000000e+00
-7.155843709906068995e+00 -1.019313831779579260e+01 0.000000000000000000e+00
1.403965996246146819e+00 -4.656821057127201735e-01 1.000000000000000000e+00
-1.022540160898559058e+01 9.795173079684753148e+00 0.000000000000000000e+00
-4.300640270938400178e+00 -1.138758166626326940e+01 0.000000000000000000e+00
-6.548325711784298564e-01 1.074929649408193244e+00 1.000000000000000000e+00
3.213068654950553271e-01 2.083603373495837574e-01 1.000000000000000000e+00
-3.293647796134450800e+00 3.304686584799845228e+00 0.000000000000000000e+00
-4.495557940704633104e-01 1.486428391197008869e+00 1.000000000000000000e+00
7.392798162201229317e+00 8.018240167246535322e+00 0.000000000000000000e+00
-5.965461465287162923e-01 2.529177552092805925e+00 0.000000000000000000e+00
1.779811843900290569e+00 -4.978355223660198003e-01 0.000000000000000000e+00
1.448091739364585528e+01 -9.977752258254238171e+00 0.000000000000000000e+00
6.021422728446386152e+00 1.097317864369449758e+01 0.000000000000000000e+00
1.525503997723116711e+01 6.540474204102116218e+00 0.000000000000000000e+00
7.765042880421244575e-01 1.534275916668664408e+01 0.000000000000000000e+00
-1.270393681794315777e+00 1.058179899359272369e+00 1.000000000000000000e+00
-2.095562789283763327e-01 6.428072785727610983e-01 1.000000000000000000e+00
-7.571388362478174372e+00 -6.281496215806990691e+00 0.000000000000000000e+00
4.322404666382064220e-01 -4.912518426161330831e-01 1.000000000000000000e+00
-1.416741095991668686e+01 1.135838049469747091e+01 0.000000000000000000e+00
-1.612827055606200988e+00 -4.103048379119907385e-01 1.000000000000000000e+00
4.109284031917823654e-01 6.454336982273590095e+00 0.000000000000000000e+00
-2.186284054238043062e+00 -6.233082050707849930e+00 0.000000000000000000e+00
2.578192565559938032e-01 -2.435735914675068781e+00 0.000000000000000000e+00
-3.022086303438169086e+00 4.829251995934420449e+00 0.000000000000000000e+00
4.725528957569630206e-02 -2.070878897160193660e-02 1.000000000000000000e+00
9.850884219380695583e+00 -7.839446071661163806e+00 0.000000000000000000e+00
-1.675709753554971870e+00 1.620227909855783466e+00 0.000000000000000000e+00
8.311085479171496093e-01 -1.256430009140661275e+00 1.000000000000000000e+00
-1.317580416245862640e-01 -2.422858143997887126e+00 0.000000000000000000e+00
-4.111136736568345995e-01 -7.798787302073673100e-01 1.000000000000000000e+00
3.869416160867293342e-01 8.613015018821370550e-01 1.000000000000000000e+00
-3.029581647367560748e+00 -9.609712185532615081e+00 0.000000000000000000e+00
1.090238365690882505e+00 -1.748592376908351564e+00 0.000000000000000000e+00
1.031232257712880962e+00 2.007992355439093046e+00 0.000000000000000000e+00
-1.081425639216923029e+00 -8.310899745153078610e-01 1.000000000000000000e+00
1.321382332868034748e+00 2.612124376743625298e+00 0.000000000000000000e+00
-1.614405411105308108e+00 -2.968471124192956445e+00 0.000000000000000000e+00
-2.393461917074998224e-01 -1.701513822324955072e+00 1.000000000000000000e+00
-1.938206747310155409e+00 3.332307095347883497e+00 0.000000000000000000e+00
4.862153463725221725e-01 8.708348336996070138e-01 1.000000000000000000e+00
2.882487551993045405e-01 1.908653670367261301e-01 1.000000000000000000e+00
1.223346652842288496e+00 -1.763303684287889306e+00 0.000000000000000000e+00
1.344405393533884663e+01 -4.692311094188862164e+00 0.000000000000000000e+00
-7.265667575684747526e+00 2.861558182857033117e+00 0.000000000000000000e+00
7.076560419787023548e-01 -2.109721468054692739e+00 0.000000000000000000e+00
-1.225981460075107776e+00 -1.927422461291324884e-01 1.000000000000000000e+00
3.551462974333626565e+00 3.358598792989297976e-01 0.000000000000000000e+00
6.894380572622607062e+00 -5.151760376965343724e+00 0.000000000000000000e+00
-1.509970640854972013e+00 2.559998930142709517e-01 1.000000000000000000e+00
-1.675741720594554396e+00 -1.111506432052117077e+00 0.000000000000000000e+00
-3.110646612937846278e+00 -8.681587326277451666e+00 0.000000000000000000e+00
2.920397355082073432e+00 1.458955983733959805e+01 0.000000000000000000e+00
2.174121623318595375e+00 2.012647751862965961e-01 0.000000000000000000e+00
8.780146674678412921e+00 1.036686028714888685e+00 0.000000000000000000e+00
-3.636441123494270067e-01 -1.616407029272120821e-01 1.000000000000000000e+00
-9.522687792087809466e-01 1.343264150172531313e+00 0.000000000000000000e+00
2.648877101268851675e-01 3.379326141923099658e-01 1.000000000000000000e+00
2.695787435292532397e+00 1.928436527265054767e+00 0.000000000000000000e+00
-2.495675277794768832e+00 1.645474095855345542e+00 0.000000000000000000e+00
3.297327815578745991e+00 8.615713312350894881e+00 0.000000000000000000e+00
1.617892130964049269e+00 -3.665980411325227450e+00 0.000000000000000000e+00
8.326999250260889163e-01 -1.905507097789962634e+00 0.000000000000000000e+00
7.400931791859295394e+00 4.703420081556575205e+00 0.000000000000000000e+00
7.904356271434867409e+00 2.079796978183604317e+00 0.000000000000000000e+00
-1.342134863453093852e-01 3.911862740666510740e-01 1.000000000000000000e+00
-1.064135095160001487e+00 2.613178169187095334e-01 1.000000000000000000e+00
-9.503184719628617216e+00 1.085212769744556738e+01 0.000000000000000000e+00
-6.549753332231154079e-01 2.859955638125685207e-01 1.000000000000000000e+00
5.503980678683589645e+00 1.652267252309242984e-01 0.000000000000000000e+00
3.364579847381979238e+00 2.544278447796470388e+00 0.000000000000000000e+00
-5.611915172117524442e+00 8.493157712143064586e+00 0.000000000000000000e+00
2.210171413355587866e+00 -1.351422353688579214e+00 0.000000000000000000e+00
-5.831665809230036857e+00 -6.687183918038792640e-01 0.000000000000000000e+00
-5.313328701992722003e+00 1.202090528409724524e+00 0.000000000000000000e+00
-9.042441322584032770e-01 2.058522982430008419e+00 0.000000000000000000e+00
-4.485967716629174262e+00 -6.928563012850749381e+00 0.000000000000000000e+00
7.426542476478667609e+00 3.657734756477126759e-01 0.000000000000000000e+00
-2.052039222421462306e+00 -1.012791968011416088e+01 0.000000000000000000e+00
-1.240155332193074944e+00 -6.910265454835391452e-01 1.000000000000000000e+00
3.598181372136133871e-01 2.345886185197710028e-01 1.000000000000000000e+00
-2.444269728234037764e+00 -1.489032398608404417e+00 0.000000000000000000e+00
8.150589491815836141e+00 1.502665051258204620e+01 0.000000000000000000e+00
-5.161356680544626485e+00 -2.824090395854477187e+00 0.000000000000000000e+00
1.036755343961504927e+00 3.575023785932459841e+00 0.000000000000000000e+00
8.860519450599685376e-01 -3.599666590608823213e-01 1.000000000000000000e+00
-1.178360351659191174e-02 4.174728628210917503e-01 1.000000000000000000e+00
-6.301876734429751714e+00 3.818832805756394499e+00 0.000000000000000000e+00
1.285129513633124887e+00 5.834020758157064668e-01 1.000000000000000000e+00
9.002204309090600987e+00 -3.983643094951428765e+00 0.000000000000000000e+00
-4.370871499753084422e+00 8.671342123731302642e-01 0.000000000000000000e+00
-6.265520774624798506e+00 -1.094104748659907589e+00 0.000000000000000000e+00
-1.974647099160383279e+00 -1.802140116503188061e-01 0.000000000000000000e+00
-2.257724997563061997e-01 -7.323219144596423980e-03 1.000000000000000000e+00
-3.981587476503939405e-01 4.579097108239044145e-01 1.000000000000000000e+00
-1.821890048864260336e+01 7.249277378818786310e+00 0.000000000000000000e+00
-1.898697053732791851e+00 1.430828759964430930e+00 0.000000000000000000e+00
-1.082741862102532870e+00 -7.190254625882597228e-01 1.000000000000000000e+00
-9.183568250672013988e-01 -3.289128285855650313e-01 1.000000000000000000e+00
1.721877224003367235e-01 -2.546777516956760801e-01 0.000000000000000000e+00
2.189076273080177160e-01 8.645002236841156096e-01 1.000000000000000000e+00
1.127109004191406250e+00 -5.757284408928736719e-02 0.000000000000000000e+00
-1.445858427222637799e+00 1.678610832651360463e-01 1.000000000000000000e+00
-1.149366479543533615e+01 1.816693866274131430e+00 0.000000000000000000e+00
-6.681324149156941949e-01 -2.138105637331039421e+00 0.000000000000000000e+00
6.051233416375498830e-01 -1.479746047180755253e-01 1.000000000000000000e+00
-2.990646140598239189e+00 -1.952126213553245337e+00 0.000000000000000000e+00
-3.069938674780051446e+00 -6.031738905445105381e+00 0.000000000000000000e+00
-9.478250952535592688e+00 -3.491748532107409986e+00 0.000000000000000000e+00
-5.059380777097945980e-01 -7.819805631374657784e-01 1.000000000000000000e+00
1.723878676854387848e+01 9.519968166067483750e+00 0.000000000000000000e+00
4.586589024207155418e+00 1.421641075326148584e+00 0.000000000000000000e+00
-2.770708830752203200e-01 1.842950924477476660e+00 1.000000000000000000e+00
2.192433707730209402e+00 -1.591341064553089879e+00 0.000000000000000000e+00
5.809870064159873948e+00 1.116896443038135089e+01 0.000000000000000000e+00
1.003526189024483428e-01 1.025510924749247099e+00 1.000000000000000000e+00
1.017174216516641305e+00 -7.496976621195379220e-01 1.000000000000000000e+00
1.261497562662754923e+01 3.937841101669889099e+00 0.000000000000000000e+00
-6.701372277495373231e-01 -2.450121865442245472e-01 1.000000000000000000e+00
1.349389070208737529e+01 1.373960627109542365e+00 0.000000000000000000e+00
-7.258297409731392369e-01 2.628636250635989935e+00 0.000000000000000000e+00
2.850439883104781025e+00 -9.804182431201475367e+00 0.000000000000000000e+00
-1.272143133207730514e+01 2.956171992447075070e+00 0.000000000000000000e+00
-2.090018087622681708e+00 5.088383548592875449e+00 0.000000000000000000e+00
1.459270567282962539e+01 -9.275607320535264932e+00 0.000000000000000000e+00
7.889381461214391988e-01 -1.277713299037609884e+00 1.000000000000000000e+00
2.858809117225058483e-01 1.255422626835670075e+00 1.000000000000000000e+00
-1.847239472922873882e-01 -4.715914583386046632e-01 1.000000000000000000e+00
-3.602774389031357050e+00 -8.823095217861748552e+00 0.000000000000000000e+00
-1.741966271696305135e+00 3.481021101239472504e+00 0.000000000000000000e+00
-3.312141384484007745e+00 -5.050962415411332174e+00 0.000000000000000000e+00
9.596885246052961893e-01 -2.294552547665727360e+00 0.000000000000000000e+00
-1.140721051204155678e+01 1.033282723661903546e+01 0.000000000000000000e+00
7.191245401890165034e-01 -1.370899429733459796e-01 1.000000000000000000e+00
-1.400824374742261735e+00 -1.447080871278867198e+00 0.000000000000000000e+00
-2.770752241871041299e+00 8.329258132299244721e+00 0.000000000000000000e+00
-1.757014074112276614e+00 1.905052617715738972e-01 1.000000000000000000e+00
8.139828114255154290e-01 3.601391090021374808e+00 0.000000000000000000e+00
-5.710196348883389561e-01 -1.822526906533815383e-01 1.000000000000000000e+00
-2.081196196919841146e-01 -1.237584313583047768e-01 1.000000000000000000e+00
2.170701337310978030e+00 -1.125580953123727568e+01 0.000000000000000000e+00
-6.196690165853609988e-01 1.032100360057872868e+00 1.000000000000000000e+00
-2.179975111287620226e+00 3.247052907355411078e-01 0.000000000000000000e+00
1.520736866531073872e+00 2.396646630727037319e+00 0.000000000000000000e+00
-8.850024913099634460e+00 8.291399109517326949e+00 0.000000000000000000e+00
-1.044782646141839066e+01 -3.712598897758794259e+00 0.000000000000000000e+00
2.393278317282389267e+00 1.307191056625184800e+01 0.000000000000000000e+00
1.360090588014408186e-01 -1.835549922309601401e-01 1.000000000000000000e+00
9.116726113691702160e-01 2.297971669727050248e+00 0.000000000000000000e+00
3.542998908347127607e+00 1.251342979856633786e+00 0.000000000000000000e+00
-8.424503654261596974e-01 1.062347544397107768e+00 1.000000000000000000e+00
-4.313478660177061386e-02 1.315597665007627448e+01 0.000000000000000000e+00
3.104240099069945913e-01 -1.658283068619185618e+00 0.000000000000000000e+00
-8.864426119578624252e+00 1.092704475146214627e+01 0.000000000000000000e+00
-5.674740886510236670e-01 2.540420316185659777e-01 1.000000000000000000e+00
1.334711013145586378e+01 6.513242839436402143e+00 0.000000000000000000e+00
1.244785647294274966e+01 3.909174859311059791e-01 0.000000000000000000e+00
5.158670641647511435e-01 -3.517264498387202565e+00 0.000000000000000000e+00
-1.318443702663724793e+01 7.483937328279674617e+00 0.000000000000000000e+00
8.767491896077116209e+00 -5.579453835162208719e+00 0.000000000000000000e+00
-1.515956219252728499e+00 1.710179901443793726e+00 0.000000000000000000e+00
1.574263496486320024e+00 1.434082549866739331e+00 0.000000000000000000e+00
1.340688715782571983e-01 2.159393237841956970e-01 1.000000000000000000e+00
-1.461910440233431974e+00 -7.706252231188833735e-01 1.000000000000000000e+00
-7.458584895101075807e-01 2.522374121740965425e+00 0.000000000000000000e+00
-3.907013015714743687e-01 1.272093800638932182e+00 1.000000000000000000e+00
1.241521616522448213e+01 -8.497493652880748982e+00 0.000000000000000000e+00
-2.066295618150528757e-01 -4.326138689531886516e-01 1.000000000000000000e+00
6.544131624961023741e-01 -4.631612347838963695e-01 1.000000000000000000e+00
1.762271804414544674e-02 -9.646353938992400234e-01 1.000000000000000000e+00
-3.800353596582176863e+00 -2.442519895585607781e+00 0.000000000000000000e+00
2.495031183567041566e+00 1.751188489916795987e+01 0.000000000000000000e+00
-4.564948903327549767e-01 -2.352347783088964972e-01 1.000000000000000000e+00
1.204789720624649263e+01 2.659219984786119984e+00 0.000000000000000000e+00
-7.486740039500148214e-01 -4.485848371846770988e+00 0.000000000000000000e+00
-2.351832237569542627e+00 1.671023925113210185e+00 0.000000000000000000e+00
-8.555651485218539465e-01 -8.392130718111023846e-01 1.000000000000000000e+00
-1.382693193721206093e+01 -5.032896130411179669e-01 0.000000000000000000e+00
-1.483169506737772592e+00 9.447939972071419668e-01 1.000000000000000000e+00
-7.153050857661009676e-01 2.092599188821510747e+00 0.000000000000000000e+00
-9.531937645530397241e-03 -2.157134636044838238e+00 0.000000000000000000e+00
2.442645072052786581e+00 1.827341909857570501e-01 0.000000000000000000e+00
-3.095300579619291170e+00 -7.252542074256685956e-01 0.000000000000000000e+00
-5.483518273940253263e-01 -8.089684968450181479e-01 1.000000000000000000e+00
-1.036482984272281360e+00 -1.503627436204035162e+00 0.000000000000000000e+00
-4.494622987693543514e+00 -1.833627693215236576e+01 0.000000000000000000e+00
-3.437682817138081770e+00 -3.101604628015361964e-01 0.000000000000000000e+00
-4.623220245205962087e+00 -7.096311119917258381e+00 0.000000000000000000e+00
-4.030874325424692373e+00 3.261809633480888593e+00 0.000000000000000000e+00
-4.110038441634710438e+00 -6.148690032238994796e-01 0.000000000000000000e+00
-1.687933691743102038e+00 8.748602179488913499e-01 1.000000000000000000e+00
3.143191388715108614e-01 1.360925493610573689e+00 1.000000000000000000e+00
-3.572019457836996814e+00 9.368181538480437887e-01 0.000000000000000000e+00
-4.761321570899718303e+00 -4.758892778420065639e+00 0.000000000000000000e+00
7.466022665984988649e+00 -1.636503775892758483e+01 0.000000000000000000e+00
5.853720508483983842e-02 -1.087378774461612296e-01 1.000000000000000000e+00
4.702275150648323465e-01 -1.537120577330874260e+00 1.000000000000000000e+00
4.823153930096463204e-01 -1.954566714435655328e+00 0.000000000000000000e+00
-2.173476261085845795e+00 -1.316909610639843464e+00 0.000000000000000000e+00
1.679028264232733658e+00 2.356789573463624610e+00 0.000000000000000000e+00
6.439131616996737861e+00 -2.919218589356037175e+00 0.000000000000000000e+00
-4.898587956133501620e-02 -5.448435645378991304e-02 1.000000000000000000e+00
-5.548889430218130192e-01 2.269385663435778966e+00 0.000000000000000000e+00
8.701622320515892683e-01 -8.935485678293821898e-01 1.000000000000000000e+00
-8.588629423283682118e-02 3.579341916233306220e-01 1.000000000000000000e+00
-3.556119615704630643e+00 4.820011799247758688e-01 0.000000000000000000e+00
-1.225561514464817980e+00 2.713912207824317413e+00 0.000000000000000000e+00
3.357539666537182055e-01 -6.657908208838938524e-01 1.000000000000000000e+00
-2.191241486254822957e-01 -2.519688666062657179e-01 1.000000000000000000e+00
-5.485200605266500329e-01 -1.152082767355145920e+00 1.000000000000000000e+00
-4.389416577425444110e+00 1.542894127076974264e+01 0.000000000000000000e+00
-1.897435979349895163e-01 6.872510537455236879e+00 0.000000000000000000e+00
-3.559469508381879699e+00 6.748643323792363091e+00 0.000000000000000000e+00
-1.547098886948781171e+00 1.255997226665588773e+00 1.000000000000000000e+00
1.915558495092549052e+00 1.060101475364008339e+00 0.000000000000000000e+00
2.031209027821619717e+00 -1.833384417479871686e+00 0.000000000000000000e+00
8.656270338677515275e-01 5.542017738382153391e-01 1.000000000000000000e+00
-3.935532893237876362e-01 4.752529320609665264e-01 1.000000000000000000e+00
1.036995908427260082e-01 4.904138350215981879e-01 1.000000000000000000e+00
-7.836583621179933623e-02 3.916754199113517965e-01 1.000000000000000000e+00
-6.029503796733071130e-02 -1.592930884875064929e-03 1.000000000000000000e+00
-6.033066654389067196e+00 3.834383402332767865e+00 0.000000000000000000e+00
1.928840194552624565e+00 6.118046783597681504e-01 0.000000000000000000e+00
-1.025506632818024855e+01 -3.125352536267823389e+00 0.000000000000000000e+00
1.933235831202810007e-01 9.749740271009846304e-03 1.000000000000000000e+00
1.514944699038198728e+00 -4.418816026988457324e+00 0.000000000000000000e+00
-4.878231453761971981e-01 2.662886447516759070e+00 0.000000000000000000e+00
-7.163258269496851627e-01 8.310859664380176870e-01 1.000000000000000000e+00
1.328078961983170814e+01 -4.959056640392775606e+00 0.000000000000000000e+00
-1.746099959997260864e+00 7.577049048986594926e-03 1.000000000000000000e+00
-3.803600491150759266e-01 -4.699822597352167342e-01 1.000000000000000000e+00
1.443164666365931881e+00 -1.221537415484865718e+00 0.000000000000000000e+00
5.992541713583250385e-01 2.525341090159897828e+00 0.000000000000000000e+00
-5.729157959048928106e+00 9.565142232404033606e-01 0.000000000000000000e+00
-3.113623253620341202e-01 7.155228540633661316e-01 1.000000000000000000e+00
3.796996039794052979e+00 5.160168700438057421e+00 0.000000000000000000e+00
-1.894560780295648339e+00 9.126376153268584090e+00 0.000000000000000000e+00
-1.156953428602866207e+00 -3.427065743892562910e+00 0.000000000000000000e+00
-2.591305642325710146e+00 -5.917571025705767873e-01 0.000000000000000000e+00
1.922550277245732353e+00 1.117166648583437505e-01 1.000000000000000000e+00
4.486923220452212924e+00 3.957011477903091379e+00 0.000000000000000000e+00
6.846797573509468826e+00 -9.374772288458721903e+00 0.000000000000000000e+00
6.090510193020103991e+00 -5.873170683838158546e+00 0.000000000000000000e+00
5.778579385360607112e-01 6.478453103329422369e+00 0.000000000000000000e+00
-1.095324456051721018e+00 -2.394965340666191267e+00 0.000000000000000000e+00
1.635471681472353556e-01 -1.509331977448989281e+00 1.000000000000000000e+00
7.882868695815287152e-01 -1.312573072821390907e+00 1.000000000000000000e+00
-6.153672021227261091e-01 3.688752817170468212e+00 0.000000000000000000e+00
-3.228860114829567030e-01 -8.086709821970399226e-01 0.000000000000000000e+00
-5.502005588779169676e-01 -8.718709879173863753e-03 1.000000000000000000e+00
-4.754021454438067451e+00 3.074141690034237762e+00 0.000000000000000000e+00
7.818237371430554639e+00 1.530412125145192448e+01 0.000000000000000000e+00
-1.318566974549774429e+01 -3.263442073119779518e+00 0.000000000000000000e+00
4.836342049167937640e-01 -2.878241949844680958e-01 1.000000000000000000e+00
1.616906557850941173e-01 -2.466690351873691345e+00 0.000000000000000000e+00
3.024596278196440835e+00 1.500243302003441137e+00 0.000000000000000000e+00
1.706024531855623394e+01 1.343946786208483957e+00 0.000000000000000000e+00
4.479933865474986510e-01 5.969909787969165937e-02 1.000000000000000000e+00
-4.575160880332029834e-02 -1.262188274451295111e+00 1.000000000000000000e+00
1.457104120058573038e+00 -3.676217388193344648e-01 1.000000000000000000e+00
-2.868831645613927339e-01 -2.406745777018550747e-01 1.000000000000000000e+00
-1.162587715092300300e-02 -2.025439653788241312e+00 0.000000000000000000e+00
-2.055883905730223837e+00 5.738774271946141425e+00 0.000000000000000000e+00
2.194762791040280270e+00 -2.278628072083018097e+00 0.000000000000000000e+00
1.356129302890116906e+00 -1.425927418498823318e+00 1.000000000000000000e+00
1.094160310658030433e+00 2.202952350209922194e+00 0.000000000000000000e+00
-4.991447799070028779e+00 -1.395546323986198090e+01 0.000000000000000000e+00
-2.699777089348775472e-01 -4.380050317091324086e-01 1.000000000000000000e+00
1.274498473909352558e+00 -3.419743797489350090e+00 0.000000000000000000e+00
1.823493781829489957e-01 -1.629778579984078601e-02 1.000000000000000000e+00
-5.647345928703318307e+00 2.736829651096512883e+00 0.000000000000000000e+00
2.976826336321449773e+00 -1.372103279259171638e+00 0.000000000000000000e+00
